# UN BOTTO DI SFERE CHE SI INTERSECANO TRA DI LORO

# BACKGROUND
BG 10 15 25

# CAMERA
CAM 12.0 8.0 15.0 0.0 2.0 0.0 0.0 1.0 0.0 55.0 1.77

OBJ_N 60
OBJ_T 20

# TORRI DI SFERE
S -6.0 1.0 -3.0 1.0 255 215 0 1 0.0
S -6.0 3.0 -3.0 0.9 255 215 0 1 0.05
S -6.0 5.0 -3.0 0.8 255 215 0 1 0.1
S -6.0 7.0 -3.0 0.7 255 215 0 1 0.15


S -3.0 1.2 -2.0 1.2 255 255 255 2 1.5
S -3.0 3.6 -2.0 1.1 255 255 255 2 1.5
S -3.0 6.0 -2.0 1.0 255 255 255 2 1.5
S -3.0 8.5 -2.0 0.9 255 255 255 2 1.5

S 0.0 1.5 0.0 1.5 200 200 200 1 0.1
S 0.0 4.2 0.0 1.3 255 255 255 2 1.5
S 0.0 7.0 0.0 1.1 180 200 220 0 0.0
S 0.0 9.5 0.0 0.9 255 240 220 3 8.0

S 3.0 1.0 -1.0 1.0 255 150 150 0 0.0
S 3.0 3.0 -1.0 0.9 150 255 150 0 0.0
S 3.0 5.0 -1.0 0.8 150 150 255 0 0.0
S 3.0 7.0 -1.0 0.7 255 255 150 0 0.0

S 6.0 1.2 -2.5 1.2 255 200 200 2 1.5
S 6.0 3.6 -2.5 1.1 200 255 200 2 1.5
S 6.0 6.0 -2.5 1.0 200 200 255 2 1.5
S 6.0 8.5 -2.5 0.9 255 255 200 2 1.5

# SFERE BASSE
S -7.0 0.5 1.0 0.5 200 100 100 0 0.0
S -5.5 0.5 2.0 0.5 100 200 100 0 0.0
S -4.0 0.5 2.5 0.5 100 100 200 1 0.2
S -2.5 0.5 3.0 0.5 200 200 100 2 1.5
S -1.0 0.5 3.5 0.5 200 100 200 0 0.0
S 0.5 0.5 3.8 0.5 100 200 200 1 0.15
S 2.0 0.5 3.5 0.5 255 180 150 0 0.0
S 3.5 0.5 3.0 0.5 180 255 180 2 1.5
S 5.0 0.5 2.5 0.5 180 180 255 1 0.25
S 6.5 0.5 2.0 0.5 255 255 180 0 0.0
S 7.5 0.5 1.0 0.5 255 180 255 1 0.1

# SFERE MEDIE
S -7.5 2.5 3.0 0.7 240 240 240 1 0.0
S -5.0 2.8 4.0 0.8 255 255 255 2 1.5
S -2.0 2.5 4.5 0.7 220 180 255 0 0.0
S 1.0 2.8 4.8 0.8 180 220 255 1 0.1
S 4.0 2.5 4.5 0.7 255 220 180 2 1.5
S 7.0 2.8 4.0 0.8 220 255 220 0 0.0
S 8.5 2.5 3.0 0.7 255 255 255 2 1.5

# CLUSTER 
S -8.0 0.4 -1.0 0.4 255 100 100 0 0.0
S -7.5 0.4 -0.5 0.4 100 255 100 0 0.0
S -7.0 0.4 -1.5 0.4 100 100 255 1 0.3

S 8.0 0.4 -1.0 0.4 255 255 100 0 0.0
S 7.5 0.4 -0.5 0.4 255 100 255 1 0.2
S 7.0 0.4 -1.5 0.4 100 255 255 2 1.5

# SFERE VOLANTI
S -4.0 10.0 2.0 0.8 255 240 220 3 6.0
S 0.0 11.0 3.0 0.9 255 255 230 3 10.0
S 4.0 10.0 2.0 0.8 220 240 255 3 6.0

S -2.0 6.5 5.0 0.6 255 255 255 2 1.5
S 2.0 6.5 5.0 0.6 255 255 255 2 1.5

# SFERE PICCOLE
S -9.0 0.3 0.0 0.3 200 80 80 0 0.0
S -8.5 0.3 -2.0 0.3 80 200 80 1 0.4
S 9.0 0.3 0.0 0.3 80 80 200 0 0.0
S 8.5 0.3 -2.0 0.3 200 200 80 2 1.5

S -1.5 4.0 5.5 0.5 255 200 150 1 0.05
S 1.5 4.0 5.5 0.5 150 255 200 1 0.05

S -6.5 8.0 1.0 0.6 240 240 255 2 1.5
S 6.5 8.0 1.0 0.6 255 240 240 2 1.5

S 0.0 1.0 6.0 0.8 220 220 220 1 0.0

# PIANO
S 0.0 -1000.0 0.0 1000.0 170 170 180 0 0.0

# STRUTTURE TRIANGOLARI 
# PIRAMIDE CENTRALE
T -1.5 0.0 -4.0  1.5 0.0 -4.0  0.0 3.5 -4.0  200 80 80 0 0.0
T 1.5 0.0 -4.0  1.5 0.0 -6.0  0.0 3.5 -5.0  80 200 80 0 0.0
T 1.5 0.0 -6.0  -1.5 0.0 -6.0  0.0 3.5 -5.0  80 80 200 0 0.0
T -1.5 0.0 -6.0  -1.5 0.0 -4.0  0.0 3.5 -5.0  200 200 80 0 0.0

# RAMPE
T -8.0 1.5 0.5  -6.5 1.5 0.5  -7.25 2.5 1.0  230 230 230 1 0.05
T 6.5 1.5 0.5  8.0 1.5 0.5  7.25 2.5 1.0  230 230 230 1 0.05

# PANNELLI VETRO
T -9.0 0.0 -3.0  -8.5 0.0 -3.0  -8.5 4.0 -3.0  240 240 255 2 1.5
T -9.0 0.0 -3.0  -8.5 4.0 -3.0  -9.0 4.0 -3.0  240 240 255 2 1.5

T 9.0 0.0 -3.0  8.5 0.0 -3.0  8.5 4.0 -3.0  240 240 255 2 1.5
T 9.0 0.0 -3.0  8.5 4.0 -3.0  9.0 4.0 -3.0  240 240 255 2 1.5

# PARETE POSTERIORE
T -10.0 0.0 -7.0  10.0 0.0 -7.0  10.0 12.0 -7.0  160 170 180 0 0.0
T -10.0 0.0 -7.0  10.0 12.0 -7.0  -10.0 12.0 -7.0  160 170 180 0 0.0

# PIATTAFORME 
T -5.0 4.5 5.0  -4.0 4.5 5.0  -4.5 5.5 5.5  180 140 100 0 0.0
T 5.0 4.5 5.0  4.0 4.5 5.0  4.5 5.5 5.5  140 180 140 0 0.0

# TRIANGOLI EMISSIVI
T -4.0 5.5 -6.5  -3.0 5.5 -6.5  -3.5 6.5 -6.5  255 240 200 3 5.0
T 4.0 5.5 -6.5  3.0 5.5 -6.5  3.5 6.5 -6.5  200 240 255 3 5.0

# BASE
T -3.0 0.0 5.0  3.0 0.0 5.0  0.0 0.0 7.0  140 150 160 0 0.0
T -3.0 0.0 5.0  0.0 0.0 7.0  -3.0 0.0 7.0  140 150 160 0 0.0

