# CORNELL BOX

# BACKGROUND
BG 0 0 0

# CAMERA
CAM 0.0 2.5 8.0 0.0 2.5 0.0 0.0 1.0 0.0 40.0 1.77

# NUMERO OGGETTI
OBJ_N 8
OBJ_T 10

# SFERE CENTRALI
# METALLICA
S -1.5 1.0 0.5 1.0 230 230 230 1 0.0

# VETRO
S 1.5 1.0 0.5 1.0 255 255 255 2 1.5

# PICCOLA DIFFUSA
S 0.0 0.5 2.0 0.5 255 220 180 0 0.0

# LUCE 
# SFERA EMISSIVA
S 0.0 4.8 0.0 0.6 255 255 255 3 15.0

# SFERE DECORATIVE 
S -2.5 0.3 -1.0 0.3 255 100 100 0 0.0
S 2.5 0.3 -1.0 0.3 100 255 100 0 0.0
S 0.0 0.3 -2.0 0.3 100 100 255 0 0.0

# PIANO
S 0.0 -1000.0 0.0 1000.0 200 200 200 0 0.0

# PARETI
# PAVIMENTO
T -3.0 0.0 -3.0  3.0 0.0 -3.0  3.0 0.0 3.0  220 220 220 0 0.0
T -3.0 0.0 -3.0  3.0 0.0 3.0  -3.0 0.0 3.0  220 220 220 0 0.0

# SOFFITTO
T -3.0 5.0 -3.0  3.0 5.0 3.0  3.0 5.0 -3.0  220 220 220 0 0.0
T -3.0 5.0 -3.0  -3.0 5.0 3.0  3.0 5.0 3.0  220 220 220 0 0.0

# POSTERIORE
T -3.0 0.0 -3.0  -3.0 5.0 -3.0  3.0 5.0 -3.0  220 220 220 0 0.0
T -3.0 0.0 -3.0  3.0 5.0 -3.0  3.0 0.0 -3.0  220 220 220 0 0.0

# SINISTRA (rossa)
T -3.0 0.0 -3.0  -3.0 0.0 3.0  -3.0 5.0 3.0  255 50 50 0 0.0
T -3.0 0.0 -3.0  -3.0 5.0 3.0  -3.0 5.0 -3.0  255 50 50 0 0.0

# DESTRA (verde)
T 3.0 0.0 -3.0  3.0 5.0 -3.0  3.0 5.0 3.0  50 255 50 0 0.0
T 3.0 0.0 -3.0  3.0 5.0 3.0  3.0 0.0 3.0  50 255 50 0 0.0