# TANTE SFERE DI VARIO TIPO

#BACKGROUND
BG 5 10 20

# CAMERA
CAM 7.0 2.5 10.0 0.0 1.2 0.0 0.0 1.0 0.0 45.0 1.77

# NUMERO OGGETTI
OBJ_N 25
OBJ_T 12

# SFERE DI VETRO GRANDI 
S -3.0 1.5 0.0 1.5 255 255 255 2 1.5
S 0.0 2.0 -1.0 2.0 255 255 255 2 1.5
S 3.0 1.5 0.0 1.5 255 255 255 2 1.5
S -1.5 1.2 2.5 1.2 255 255 255 2 1.5
S 1.5 1.2 2.5 1.2 255 255 255 2 1.5

# SFERE DI VETRO MEDIE 
S -4.5 0.8 1.5 0.8 255 255 255 2 1.5
S 4.5 0.8 1.5 0.8 255 255 255 2 1.5
S -2.5 0.9 -2.5 0.9 255 255 255 2 1.5
S 2.5 0.9 -2.5 0.9 255 255 255 2 1.5
S 0.0 0.7 3.5 0.7 255 255 255 2 1.5

# SFERE DI VETRO PICCOLE (sparse) 
S -5.0 0.4 0.0 0.4 255 255 255 2 1.5
S 5.0 0.4 0.0 0.4 255 255 255 2 1.5
S -3.5 0.5 3.0 0.5 255 255 255 2 1.5
S 3.5 0.5 3.0 0.5 255 255 255 2 1.5
S 0.0 0.4 -3.5 0.4 255 255 255 2 1.5

# SFERE COLORATE 
S -1.0 0.6 1.0 0.6 255 200 200 2 1.5
S 1.0 0.6 1.0 0.6 200 255 200 2 1.5
S 0.0 0.6 -1.5 0.6 200 200 255 2 1.5

# SFERE EMISSIVE
S -4.0 3.5 2.0 0.5 255 240 200 3 8.0
S 4.0 3.5 2.0 0.5 200 240 255 3 8.0
S 0.0 5.0 -2.0 0.7 255 255 220 3 15.0

# SFERE BASE (diffuse per contrasto) 
S -2.0 0.3 4.0 0.3 180 140 100 0 0.0
S 2.0 0.3 4.0 0.3 140 180 140 0 0.0

# PIANO RIFLETTENTE
S 0.0 -1000.0 0.0 1000.0 200 220 230 1 0.8

# PRISMI DI VETRO 
# CENTRALE
T -0.5 0.0 0.0  0.5 0.0 0.0  0.0 2.5 0.0  240 240 255 2 1.5
T 0.5 0.0 0.0  0.5 0.0 -0.8  0.0 2.5 0.0  240 240 255 2 1.5
T 0.5 0.0 -0.8  -0.5 0.0 -0.8  0.0 2.5 0.0  240 240 255 2 1.5
T -0.5 0.0 -0.8  -0.5 0.0 0.0  0.0 2.5 0.0  240 240 255 2 1.5

# LATERALI
T -4.0 0.0 -1.0  -3.5 0.0 -1.0  -3.75 1.5 -1.0  230 240 255 2 1.5
T 4.0 0.0 -1.0  4.5 0.0 -1.0  4.25 1.5 -1.0  230 240 255 2 1.5

# PANNELLI DI VETRO VERTICALI
T -6.0 0.0 -3.0  -5.5 0.0 -3.0  -5.5 3.0 -3.0  235 240 250 2 1.5
T -6.0 0.0 -3.0  -5.5 3.0 -3.0  -6.0 3.0 -3.0  235 240 250 2 1.5

T 6.0 0.0 -3.0  5.5 0.0 -3.0  5.5 3.0 -3.0  235 240 250 2 1.5
T 6.0 0.0 -3.0  5.5 3.0 -3.0  6.0 3.0 -3.0  235 240 250 2 1.5

# BASE DIFFUSA
T -2.0 0.0 -4.0  2.0 0.0 -4.0  0.0 0.0 4.0  120 140 180 0 0.0
T -2.0 0.0 -4.0  0.0 0.0 4.0  -2.0 0.0 4.0  120 140 180 0 0.0