# TANTE RIFLESSIONI CON MATERIALI METALLICI/ VETRO E PARETI SPECCHIANTI

#BACKGROUND
BG 10 15 25

# CAMERA
CAM 5.0 3.0 8.0 0.0 1.5 0.0 0.0 1.0 0.0 50.0 1.77

# NUMERO OGGETTI
OBJ_N 18
OBJ_T 8

# SFERE METALLICHE (diversi livelli roughness)
# Fila anteriore - specchi perfetti
S -2.0 1.0 2.0 1.0 255 215 0 1 0.0
S 0.0 1.0 2.0 1.0 192 192 192 1 0.0
S 2.0 1.0 2.0 1.0 218 165 32 1 0.0

# Fila centrale - roughness media
S -2.0 1.0 0.0 1.0 255 100 100 1 0.15
S 0.0 1.0 0.0 1.0 100 255 100 1 0.15
S 2.0 1.0 0.0 1.0 100 100 255 1 0.15

# Fila posteriore - roughness alta
S -2.0 1.0 -2.0 1.0 255 200 150 1 0.4
S 0.0 1.0 -2.0 1.0 150 255 200 1 0.4
S 2.0 1.0 -2.0 1.0 200 150 255 1 0.4

# SFERE DI VETRO 
S -3.5 0.6 1.0 0.6 255 255 255 2 1.5
S 3.5 0.6 1.0 0.6 255 255 255 2 1.5
S -3.5 0.6 -1.0 0.6 255 255 255 2 1.5
S 3.5 0.6 -1.0 0.6 255 255 255 2 1.5

# SFERE EMISSIVE 
S -4.0 4.0 0.0 0.5 255 240 220 3 10.0
S 4.0 4.0 0.0 0.5 220 240 255 3 10.0
S 0.0 5.0 -3.0 0.6 255 255 200 3 12.0

# PIANO
S 0.0 -1000.0 0.0 1000.0 180 180 180 0 0.0

# PARETI SPECCHIANTI 
# PARETE SINISTRA
T -5.0 0.0 -4.0  -5.0 0.0 4.0  -5.0 5.0 4.0  240 240 240 1 0.0
T -5.0 0.0 -4.0  -5.0 5.0 4.0  -5.0 5.0 -4.0  240 240 240 1 0.0

# PARETE DESTRA
T 5.0 0.0 -4.0  5.0 5.0 -4.0  5.0 5.0 4.0  240 240 240 1 0.0
T 5.0 0.0 -4.0  5.0 5.0 4.0  5.0 0.0 4.0  240 240 240 1 0.0

# PARETE POSTERIORE
T -5.0 0.0 -4.0  5.0 0.0 -4.0  5.0 5.0 -4.0  100 150 200 0 0.0
T -5.0 0.0 -4.0  5.0 5.0 -4.0  -5.0 5.0 -4.0  100 150 200 0 0.0

# PANNELLI METALLICI
T -4.5 1.5 3.0  -3.5 1.5 3.0  -4.0 2.5 3.0  255 215 0 1 0.05
T 4.5 1.5 3.0  3.5 1.5 3.0  4.0 2.5 3.0  192 192 192 1 0.05