BG 20 20 20
OBJ_N 20
S -5 5 10 3 255 105 180   
S -4 4 9 2.7 238 130 238  
S -3 3 8 2.4 147 112 219  
S -2 2 7 2.1 75 0 130     
S -1 1 6 1.8 0 0 255      
S 0 0 5 1.5 0 255 255     
S 1 -1 4 1.2 0 255 0      
S 2 -2 3 0.9 255 255 0    
S 3 -3 2 0.6 255 165 0    
S 4 -4 1 0.3 255 0 0      
S 5 -5 0 0.2 255 69 0     
S -6 6 -1 0.2 255 20 147  
S -7 7 -2 0.4 255 0 255   
S -8 8 -3 0.6 186 85 211  
S -9 9 -4 0.8 148 0 211   
S -10 10 -5 1 153 50 204  
S -11 11 -6 1.2 138 43 226 
S -12 12 -7 1.4 75 0 130  
S -13 13 -8 1.6 72 61 139 
S -14 14 -9 1.8 123 104 238 