BG 230 245 255
CAM 13.0 2.0 3.0 0.0 0.0 0.0 0.0 1.0 0.0 20.0 1.5
OBJ_N 10
S 0.0 -1000.0 0.0 1000.0 128 128 128 0 0.0
S 0.0 1.0 0.0 1.0 255 255 255 2 1.5
S -4.0 1.0 0.0 1.0 102 51 25 0 0.0
S 4.0 1.0 0.0 1.0 178 153 127 1 0.0
S -11.0 0.2 -11.0 0.2 201 182 160 0 0.0
S -11.0 0.2 -10.0 0.2 52 35 12 0 0.0
S -11.0 0.2 -9.0 0.2 168 160 160 1 0.13
S -11.0 0.2 -8.0 0.2 255 255 255 2 1.5
S -11.0 0.2 -7.0 0.2 34 50 18 0 0.0
S -11.0 0.2 -6.0 0.2 180 180 180 1 0.05
S -11.0 0.2 -5.0 0.2 10 45 90 0 0.0
S -11.0 0.2 -4.0 0.2 255 255 255 2 1.5
S -11.0 0.2 -3.0 0.2 186 175 163 1 0.24
S -11.0 0.2 -2.0 0.2 90 20 10 0 0.0
S -11.0 0.2 -1.0 0.2 38 35 33 1 0.09
S -11.0 0.2 0.0 0.2 255 255 255 2 1.5
S -11.0 0.2 1.0 0.2 80 200 120 0 0.0
S -11.0 0.2 2.0 0.2 165 165 165 1 0.0
S -11.0 0.2 3.0 0.2 200 100 100 0 0.0
S -11.0 0.2 4.0 0.2 255 255 255 2 1.5
S -11.0 0.2 5.0 0.2 100 100 200 0 0.0
S -11.0 0.2 6.0 0.2 191 170 163 1 0.18
S -11.0 0.2 7.0 0.2 150 20 150 0 0.0
S -11.0 0.2 8.0 0.2 175 175 175 1 0.02
S -11.0 0.2 9.0 0.2 255 255 255 2 1.5
S -11.0 0.2 10.0 0.2 40 90 30 0 0.0
S -10.0 0.2 -11.0 0.2 220 200 180 1 0.30
S -10.0 0.2 -9.0 0.2 30 30 80 0 0.0
S -10.0 0.2 -8.0 0.2 180 180 180 1 0.10
S -10.0 0.2 -7.0 0.2 255 255 255 2 1.5
S -10.0 0.2 -6.0 0.2 200 50 50 0 0.0
S -10.0 0.2 -5.0 0.2 170 170 170 1 0.05
S -10.0 0.2 -4.0 0.2 50 150 50 0 0.0
S -10.0 0.2 -3.0 0.2 255 255 255 2 1.5
S -10.0 0.2 -1.0 0.2 196 178 170 1 0.40
S -10.0 0.2 0.0 0.2 100 80 30 0 0.0
S -10.0 0.2 1.0 0.2 160 160 160 1 0.0
S -10.0 0.2 2.0 0.2 255 255 255 2 1.5
S -10.0 0.2 4.0 0.2 180 160 150 1 0.12
S -10.0 0.2 5.0 0.2 20 20 90 0 0.0
S -10.0 0.2 6.0 0.2 255 255 255 2 1.5
S -10.0 0.2 7.0 0.2 188 188 188 1 0.01
S -10.0 0.2 8.0 0.2 180 50 100 0 0.0
S -10.0 0.2 10.0 0.2 170 160 150 1 0.22
S -9.0 0.2 -10.0 0.2 255 255 255 2 1.5
S -9.0 0.2 -9.0 0.2 20 100 20 0 0.0
S -9.0 0.2 -8.0 0.2 190 190 190 1 0.0
S -9.0 0.2 -7.0 0.2 80 30 30 0 0.0
S -9.0 0.2 -6.0 0.2 255 255 255 2 1.5
S -9.0 0.2 -5.0 0.2 175 150 140 1 0.25
S -9.0 0.2 -3.0 0.2 50 50 180 0 0.0
S -9.0 0.2 -2.0 0.2 160 160 160 1 0.08
S -9.0 0.2 -1.0 0.2 255 255 255 2 1.5
S -9.0 0.2 0.0 0.2 150 150 50 0 0.0
S -9.0 0.2 1.0 0.2 200 190 180 1 0.35
S -9.0 0.2 2.0 0.2 60 20 60 0 0.0
S -9.0 0.2 3.0 0.2 255 255 255 2 1.5
S -9.0 0.2 4.0 0.2 180 180 180 1 0.03
S -9.0 0.2 6.0 0.2 30 90 90 0 0.0
S -9.0 0.2 7.0 0.2 172 165 160 1 0.15
S -9.0 0.2 8.0 0.2 255 255 255 2 1.5
S -9.0 0.2 9.0 0.2 100 30 30 0 0.0
S -8.0 0.2 -11.0 0.2 168 168 168 1 0.0
S -8.0 0.2 -10.0 0.2 40 40 150 0 0.0
S -8.0 0.2 -9.0 0.2 255 255 255 2 1.5
S -8.0 0.2 -8.0 0.2 190 180 170 1 0.28
S -8.0 0.2 -6.0 0.2 20 120 20 0 0.0
S -8.0 0.2 -5.0 0.2 175 175 175 1 0.06
S -8.0 0.2 -4.0 0.2 255 255 255 2 1.5
S -8.0 0.2 -3.0 0.2 120 60 60 0 0.0
S -8.0 0.2 -2.0 0.2 185 170 160 1 0.19
S -8.0 0.2 -1.0 0.2 50 50 90 0 0.0
S -8.0 0.2 0.0 0.2 255 255 255 2 1.5
S -8.0 0.2 1.0 0.2 160 160 160 1 0.01
S -8.0 0.2 3.0 0.2 150 100 50 0 0.0
S -8.0 0.2 4.0 0.2 180 175 170 1 0.32
S -8.0 0.2 5.0 0.2 255 255 255 2 1.5
S -8.0 0.2 6.0 0.2 30 80 30 0 0.0
S -8.0 0.2 7.0 0.2 195 195 195 1 0.09
S -8.0 0.2 8.0 0.2 80 30 100 0 0.0
S -8.0 0.2 9.0 0.2 255 255 255 2 1.5
S -8.0 0.2 10.0 0.2 175 160 150 1 0.21
S -7.0 0.2 -11.0 0.2 90 90 30 0 0.0
S -7.0 0.2 -9.0 0.2 165 165 165 1 0.0
S -7.0 0.2 -8.0 0.2 255 255 255 2 1.5
S -7.0 0.2 -7.0 0.2 200 50 50 0 0.0
S -7.0 0.2 -6.0 0.2 182 175 168 1 0.26
S -7.0 0.2 -5.0 0.2 20 20 100 0 0.0
S -7.0 0.2 -4.0 0.2 255 255 255 2 1.5
S -7.0 0.2 -3.0 0.2 170 170 170 1 0.04
S -7.0 0.2 -2.0 0.2 50 150 50 0 0.0
S -7.0 0.2 0.0 0.2 190 180 170 1 0.38
S -7.0 0.2 1.0 0.2 255 255 255 2 1.5
S -7.0 0.2 2.0 0.2 100 40 40 0 0.0
S -7.0 0.2 3.0 0.2 160 160 160 1 0.11
S -7.0 0.2 4.0 0.2 40 90 150 0 0.0
S -7.0 0.2 5.0 0.2 255 255 255 2 1.5
S -7.0 0.2 6.0 0.2 185 175 165 1 0.23
S -7.0 0.2 7.0 0.2 80 80 20 0 0.0
S -7.0 0.2 8.0 0.2 195 195 195 1 0.0
S -7.0 0.2 9.0 0.2 255 255 255 2 1.5
S -7.0 0.2 10.0 0.2 20 100 60 0 0.0
S -6.0 0.2 -10.0 0.2 178 170 162 1 0.17
S -6.0 0.2 -9.0 0.2 120 30 30 0 0.0
S -6.0 0.2 -8.0 0.2 255 255 255 2 1.5
S -6.0 0.2 -7.0 0.2 170 170 170 1 0.02
S -6.0 0.2 -6.0 0.2 30 30 90 0 0.0
S -6.0 0.2 -5.0 0.2 190 180 170 1 0.33
S -6.0 0.2 -4.0 0.2 255 255 255 2 1.5
S -6.0 0.2 -3.0 0.2 100 100 50 0 0.0
S -6.0 0.2 -2.0 0.2 165 165 165 1 0.07
S -6.0 0.2 -1.0 0.2 50 20 80 0 0.0
S -6.0 0.2 0.0 0.2 255 255 255 2 1.5
S -6.0 0.2 1.0 0.2 180 170 160 1 0.20
S -6.0 0.2 3.0 0.2 20 120 120 0 0.0
S -6.0 0.2 4.0 0.2 175 175 175 1 0.0
S -6.0 0.2 5.0 0.2 255 255 255 2 1.5
S -6.0 0.2 6.0 0.2 150 50 50 0 0.0
S -6.0 0.2 7.0 0.2 192 185 178 1 0.29
S -6.0 0.2 8.0 0.2 40 90 40 0 0.0
S -6.0 0.2 9.0 0.2 255 255 255 2 1.5
S -6.0 0.2 10.0 0.2 160 160 160 1 0.13
S -5.0 0.2 -11.0 0.2 80 30 80 0 0.0
S -5.0 0.2 -10.0 0.2 255 255 255 2 1.5
S -5.0 0.2 -9.0 0.2 185 175 165 1 0.36
S -5.0 0.2 -7.0 0.2 20 60 100 0 0.0
S -5.0 0.2 -6.0 0.2 195 195 195 1 0.0
S -5.0 0.2 -5.0 0.2 255 255 255 2 1.5
S -5.0 0.2 -4.0 0.2 100 40 40 0 0.0
S -5.0 0.2 -3.0 0.2 170 160 150 1 0.10
S -5.0 0.2 -2.0 0.2 50 150 50 0 0.0
S -5.0 0.2 -1.0 0.2 255 255 255 2 1.5
S -5.0 0.2 0.0 0.2 180 180 180 1 0.05
S -5.0 0.2 1.0 0.2 150 150 30 0 0.0
S -5.0 0.2 2.0 0.2 190 180 170 1 0.24
S -5.0 0.2 3.0 0.2 255 255 255 2 1.5
S -5.0 0.2 4.0 0.2 20 90 90 0 0.0
S -5.0 0.2 5.0 0.2 165 165 165 1 0.0
S -5.0 0.2 6.0 0.2 80 20 20 0 0.0
S -5.0 0.2 7.0 0.2 255 255 255 2 1.5
S -5.0 0.2 8.0 0.2 178 170 162 1 0.30
S -5.0 0.2 10.0 0.2 120 50 120 0 0.0
S -4.0 0.2 -11.0 0.2 170 170 170 1 0.08
S -4.0 0.2 -10.0 0.2 255 255 255 2 1.5
S -4.0 0.2 -9.0 0.2 50 50 150 0 0.0
S -4.0 0.2 -8.0 0.2 196 188 180 1 0.16
S -4.0 0.2 -7.0 0.2 30 90 30 0 0.0
S -4.0 0.2 -6.0 0.2 255 255 255 2 1.5
S -4.0 0.2 -5.0 0.2 160 160 160 1 0.0
S -4.0 0.2 -3.0 0.2 100 80 40 0 0.0
S -4.0 0.2 -2.0 0.2 185 175 165 1 0.39
S -4.0 0.2 -1.0 0.2 255 255 255 2 1.5
S -4.0 0.2 3.0 0.2 20 20 100 0 0.0
S -4.0 0.2 4.0 0.2 175 175 175 1 0.03
S -4.0 0.2 5.0 0.2 150 20 20 0 0.0
S -4.0 0.2 6.0 0.2 255 255 255 2 1.5
S -4.0 0.2 7.0 0.2 190 180 170 1 0.22
S -4.0 0.2 8.0 0.2 50 150 150 0 0.0
S -4.0 0.2 9.0 0.2 168 168 168 1 0.11
S -4.0 0.2 10.0 0.2 255 255 255 2 1.5
S -3.0 0.2 -11.0 0.2 80 80 30 0 0.0
S -3.0 0.2 -10.0 0.2 180 170 160 1 0.34
S -3.0 0.2 -9.0 0.2 255 255 255 2 1.5
S -3.0 0.2 -8.0 0.2 40 40 120 0 0.0
S -3.0 0.2 -7.0 0.2 170 170 170 1 0.0
S -3.0 0.2 -6.0 0.2 100 30 30 0 0.0
S -3.0 0.2 -5.0 0.2 255 255 255 2 1.5
S -3.0 0.2 -4.0 0.2 195 188 180 1 0.27
S -3.0 0.2 5.0 0.2 20 90 20 0 0.0
S -3.0 0.2 6.0 0.2 160 160 160 1 0.06
S -3.0 0.2 7.0 0.2 255 255 255 2 1.5
S -3.0 0.2 8.0 0.2 180 175 170 1 0.18
S -3.0 0.2 9.0 0.2 50 50 180 0 0.0
S -3.0 0.2 10.0 0.2 150 150 50 0 0.0
S -2.0 0.2 -11.0 0.2 255 255 255 2 1.5
S -2.0 0.2 -10.0 0.2 175 175 175 1 0.0
S -2.0 0.2 -9.0 0.2 120 120 120 0 0.0
S -2.0 0.2 -8.0 0.2 190 180 170 1 0.31
S -2.0 0.2 -7.0 0.2 255 255 255 2 1.5
S -2.0 0.2 -6.0 0.2 30 30 80 0 0.0
S -2.0 0.2 -5.0 0.2 165 165 165 1 0.12
S -2.0 0.2 6.0 0.2 200 50 50 0 0.0
S -2.0 0.2 7.0 0.2 255 255 255 2 1.5
S -2.0 0.2 8.0 0.2 188 180 172 1 0.05
S -2.0 0.2 9.0 0.2 60 120 60 0 0.0
S -2.0 0.2 10.0 0.2 170 170 170 1 0.25
S -1.0 0.2 -11.0 0.2 255 255 255 2 1.5
S -1.0 0.2 -10.0 0.2 90 20 90 0 0.0
S -1.0 0.2 -9.0 0.2 180 170 160 1 0.0
S -1.0 0.2 -8.0 0.2 50 50 150 0 0.0
S -1.0 0.2 -7.0 0.2 255 255 255 2 1.5
S -1.0 0.2 -6.0 0.2 196 190 184 1 0.38
S -1.0 0.2 8.0 0.2 100 80 30 0 0.0
S -1.0 0.2 9.0 0.2 175 175 175 1 0.09
S -1.0 0.2 10.0 0.2 255 255 255 2 1.5
S 0.0 0.2 -11.0 0.2 160 160 160 1 0.15
S 0.0 0.2 -10.0 0.2 40 40 120 0 0.0
S 0.0 0.2 -9.0 0.2 255 255 255 2 1.5
S 0.0 0.2 -8.0 0.2 190 180 170 1 0.02
S 0.0 0.2 -7.0 0.2 20 100 20 0 0.0
S 0.0 0.2 -6.0 0.2 168 168 168 1 0.29
S 0.0 0.2 7.0 0.2 255 255 255 2 1.5
S 0.0 0.2 8.0 0.2 150 50 50 0 0.0
S 0.0 0.2 9.0 0.2 180 175 170 1 0.0
S 0.0 0.2 10.0 0.2 30 90 90 0 0.0
S 1.0 0.2 -11.0 0.2 255 255 255 2 1.5
S 1.0 0.2 -10.0 0.2 170 160 150 1 0.35
S 1.0 0.2 -9.0 0.2 80 80 20 0 0.0
S 1.0 0.2 -8.0 0.2 255 255 255 2 1.5
S 1.0 0.2 -7.0 0.2 195 195 195 1 0.08
S 1.0 0.2 -6.0 0.2 60 20 100 0 0.0
S 1.0 0.2 6.0 0.2 175 175 175 1 0.20
S 1.0 0.2 7.0 0.2 255 255 255 2 1.5
S 1.0 0.2 8.0 0.2 120 40 40 0 0.0
S 1.0 0.2 9.0 0.2 185 180 175 1 0.0
S 1.0 0.2 10.0 0.2 50 150 50 0 0.0
S 2.0 0.2 -11.0 0.2 255 255 255 2 1.5
S 2.0 0.2 -10.0 0.2 160 160 160 1 0.11
S 2.0 0.2 -9.0 0.2 30 30 80 0 0.0
S 2.0 0.2 -8.0 0.2 255 255 255 2 1.5
S 2.0 0.2 -7.0 0.2 180 170 160 1 0.30
S 2.0 0.2 -6.0 0.2 100 50 100 0 0.0
S 2.0 0.2 -5.0 0.2 190 190 190 1 0.0
S 2.0 0.2 6.0 0.2 255 255 255 2 1.5
S 2.0 0.2 7.0 0.2 172 168 164 1 0.05
S 2.0 0.2 8.0 0.2 20 90 20 0 0.0
S 2.0 0.2 9.0 0.2 255 255 255 2 1.5
S 2.0 0.2 10.0 0.2 165 165 165 1 0.24
S 3.0 0.2 -11.0 0.2 80 40 40 0 0.0
S 3.0 0.2 -10.0 0.2 255 255 255 2 1.5
S 3.0 0.2 -9.0 0.2 196 190 184 1 0.0
S 3.0 0.2 -8.0 0.2 50 50 150 0 0.0
S 3.0 0.2 -7.0 0.2 175 175 175 1 0.14
S 3.0 0.2 -6.0 0.2 255 255 255 2 1.5
S 3.0 0.2 -5.0 0.2 120 120 30 0 0.0
S 3.0 0.2 6.0 0.2 180 170 160 1 0.38
S 3.0 0.2 7.0 0.2 40 90 90 0 0.0
S 3.0 0.2 8.0 0.2 255 255 255 2 1.5
S 3.0 0.2 9.0 0.2 170 170 170 1 0.07
S 3.0 0.2 10.0 0.2 100 30 30 0 0.0
S 4.0 0.2 -11.0 0.2 255 255 255 2 1.5
S 4.0 0.2 -10.0 0.2 160 160 160 1 0.26
S 4.0 0.2 -9.0 0.2 30 80 30 0 0.0
S 4.0 0.2 -8.0 0.2 190 190 190 1 0.0
S 4.0 0.2 -7.0 0.2 255 255 255 2 1.5
S 4.0 0.2 -6.0 0.2 150 50 100 0 0.0
S 4.0 0.2 -5.0 0.2 185 175 165 1 0.12
S 4.0 0.2 6.0 0.2 20 20 120 0 0.0
S 4.0 0.2 7.0 0.2 255 255 255 2 1.5
S 4.0 0.2 8.0 0.2 175 175 175 1 0.03
S 4.0 0.2 9.0 0.2 90 40 40 0 0.0
S 4.0 0.2 10.0 0.2 168 160 152 1 0.32
S 5.0 0.2 -11.0 0.2 255 255 255 2 1.5
S 5.0 0.2 -10.0 0.2 80 80 20 0 0.0
S 5.0 0.2 -9.0 0.2 170 170 170 1 0.21
S 5.0 0.2 -8.0 0.2 50 150 50 0 0.0
S 5.0 0.2 -7.0 0.2 255 255 255 2 1.5
S 5.0 0.2 -6.0 0.2 195 190 185 1 0.0
S 5.0 0.2 -5.0 0.2 40 40 100 0 0.0
S 5.0 0.2 -4.0 0.2 180 175 170 1 0.09
S 5.0 0.2 -3.0 0.2 255 255 255 2 1.5
S 5.0 0.2 -2.0 0.2 120 60 30 0 0.0
S 5.0 0.2 -1.0 0.2 160 160 160 1 0.40
S 5.0 0.2 0.0 0.2 20 90 20 0 0.0
S 5.0 0.2 1.0 0.2 255 255 255 2 1.5
S 5.0 0.2 2.0 0.2 172 168 164 1 0.06
S 5.0 0.2 3.0 0.2 100 100 50 0 0.0
S 5.0 0.2 4.0 0.2 190 180 170 1 0.28
S 5.0 0.2 5.0 0.2 255 255 255 2 1.5
S 5.0 0.2 6.0 0.2 30 30 120 0 0.0
S 5.0 0.2 7.0 0.2 175 175 175 1 0.0
S 5.0 0.2 8.0 0.2 80 40 40 0 0.0
S 5.0 0.2 9.0 0.2 255 255 255 2 1.5
S 5.0 0.2 10.0 0.2 165 160 155 1 0.15
S 6.0 0.2 -11.0 0.2 20 100 20 0 0.0
S 6.0 0.2 -10.0 0.2 180 180 180 1 0.35
S 6.0 0.2 -9.0 0.2 255 255 255 2 1.5
S 6.0 0.2 -8.0 0.2 50 50 150 0 0.0
S 6.0 0.2 -7.0 0.2 170 160 150 1 0.0
S 6.0 0.2 -6.0 0.2 120 30 30 0 0.0
S 6.0 0.2 -5.0 0.2 255 255 255 2 1.5
S 6.0 0.2 -4.0 0.2 196 190 184 1 0.24
S 6.0 0.2 -3.0 0.2 40 90 40 0 0.0
S 6.0 0.2 -2.0 0.2 160 160 160 1 0.04
S 6.0 0.2 -1.0 0.2 255 255 255 2 1.5
S 6.0 0.2 0.0 0.2 150 150 50 0 0.0
S 6.0 0.2 1.0 0.2 185 180 175 1 0.12
S 6.0 0.2 2.0 0.2 30 80 30 0 0.0
S 6.0 0.2 3.0 0.2 255 255 255 2 1.5
S 6.0 0.2 4.0 0.2 175 175 175 1 0.38
S 6.0 0.2 5.0 0.2 100 20 20 0 0.0
S 6.0 0.2 6.0 0.2 168 168 168 1 0.0
S 6.0 0.2 7.0 0.2 255 255 255 2 1.5
S 6.0 0.2 8.0 0.2 80 30 90 0 0.0
S 6.0 0.2 9.0 0.2 190 180 170 1 0.08
S 6.0 0.2 10.0 0.2 20 20 100 0 0.0
S 7.0 0.2 -11.0 0.2 255 255 255 2 1.5
S 7.0 0.2 -10.0 0.2 160 160 160 1 0.20
S 7.0 0.2 -9.0 0.2 50 120 50 0 0.0
S 7.0 0.2 -8.0 0.2 178 170 162 1 0.02
S 7.0 0.2 -7.0 0.2 255 255 255 2 1.5
S 7.0 0.2 -6.0 0.2 40 40 90 0 0.0
S 7.0 0.2 -5.0 0.2 195 195 195 1 0.33
S 7.0 0.2 -4.0 0.2 100 30 30 0 0.0
S 7.0 0.2 -3.0 0.2 255 255 255 2 1.5
S 7.0 0.2 -2.0 0.2 170 160 150 1 0.0
S 7.0 0.2 -1.0 0.2 30 90 90 0 0.0
S 7.0 0.2 0.0 0.2 180 175 170 1 0.10
S 7.0 0.2 1.0 0.2 255 255 255 2 1.5
S 7.0 0.2 2.0 0.2 150 50 100 0 0.0
S 7.0 0.2 3.0 0.2 165 165 165 1 0.25
S 7.0 0.2 4.0 0.2 20 20 120 0 0.0
S 7.0 0.2 5.0 0.2 255 255 255 2 1.5
S 7.0 0.2 6.0 0.2 185 180 175 1 0.0
S 7.0 0.2 7.0 0.2 80 40 40 0 0.0
S 7.0 0.2 8.0 0.2 175 175 175 1 0.40
S 7.0 0.2 9.0 0.2 255 255 255 2 1.5
S 7.0 0.2 10.0 0.2 120 30 30 0 0.0
S 8.0 0.2 -11.0 0.2 160 160 160 1 0.16
S 8.0 0.2 -10.0 0.2 255 255 255 2 1.5
S 8.0 0.2 -9.0 0.2 190 185 180 1 0.0
S 8.0 0.2 -8.0 0.2 50 150 50 0 0.0
S 8.0 0.2 -7.0 0.2 170 170 170 1 0.29
S 8.0 0.2 -6.0 0.2 30 30 90 0 0.0
S 8.0 0.2 -5.0 0.2 255 255 255 2 1.5
S 8.0 0.2 -4.0 0.2 180 170 160 1 0.05
S 8.0 0.2 -3.0 0.2 100 80 20 0 0.0
S 8.0 0.2 -2.0 0.2 165 165 165 1 0.0
S 8.0 0.2 -1.0 0.2 255 255 255 2 1.5
S 8.0 0.2 0.0 0.2 20 90 20 0 0.0
S 8.0 0.2 1.0 0.2 196 190 184 1 0.22
S 8.0 0.2 2.0 0.2 40 40 100 0 0.0
S 8.0 0.2 3.0 0.2 255 255 255 2 1.5
S 8.0 0.2 4.0 0.2 175 175 175 1 0.0
S 8.0 0.2 5.0 0.2 150 50 50 0 0.0
S 8.0 0.2 6.0 0.2 188 188 188 1 0.36
S 8.0 0.2 7.0 0.2 255 255 255 2 1.5
S 8.0 0.2 8.0 0.2 80 30 30 0 0.0
S 8.0 0.2 9.0 0.2 160 160 160 1 0.11
S 8.0 0.2 10.0 0.2 120 120 40 0 0.0
S 9.0 0.2 -11.0 0.2 255 255 255 2 1.5
S 9.0 0.2 -10.0 0.2 170 165 160 1 0.0
S 9.0 0.2 -9.0 0.2 30 90 30 0 0.0
S 9.0 0.2 -8.0 0.2 190 180 170 1 0.26
S 9.0 0.2 -7.0 0.2 255 255 255 2 1.5
S 9.0 0.2 -6.0 0.2 50 50 150 0 0.0
S 9.0 0.2 -5.0 0.2 180 180 180 1 0.03
S 9.0 0.2 -4.0 0.2 20 100 20 0 0.0
S 9.0 0.2 -3.0 0.2 255 255 255 2 1.5
S 9.0 0.2 -2.0 0.2 165 165 165 1 0.14
S 9.0 0.2 -1.0 0.2 100 40 40 0 0.0
S 9.0 0.2 0.0 0.2 175 170 165 1 0.38
S 9.0 0.2 1.0 0.2 255 255 255 2 1.5
S 9.0 0.2 2.0 0.2 40 90 90 0 0.0
S 9.0 0.2 3.0 0.2 195 195 195 1 0.0
S 9.0 0.2 4.0 0.2 80 30 30 0 0.0
S 9.0 0.2 5.0 0.2 255 255 255 2 1.5
S 9.0 0.2 6.0 0.2 160 160 160 1 0.20
S 9.0 0.2 7.0 0.2 150 150 50 0 0.0
S 9.0 0.2 8.0 0.2 185 180 175 1 0.07
S 9.0 0.2 9.0 0.2 255 255 255 2 1.5
S 9.0 0.2 10.0 0.2 30 30 100 0 0.0
S 10.0 0.2 -11.0 0.2 178 178 178 1 0.33
S 10.0 0.2 -10.0 0.2 20 90 20 0 0.0
S 10.0 0.2 -9.0 0.2 255 255 255 2 1.5
S 10.0 0.2 -8.0 0.2 168 160 152 1 0.0
S 10.0 0.2 -7.0 0.2 50 150 50 0 0.0
S 10.0 0.2 -6.0 0.2 190 190 190 1 0.10
S 10.0 0.2 -5.0 0.2 255 255 255 2 1.5
S 10.0 0.2 -4.0 0.2 100 30 30 0 0.0
S 10.0 0.2 -3.0 0.2 175 175 175 1 0.24
S 10.0 0.2 -2.0 0.2 40 40 120 0 0.0
S 10.0 0.2 -1.0 0.2 255 255 255 2 1.5
S 10.0 0.2 0.0 0.2 160 160 160 1 0.0
S 10.0 0.2 1.0 0.2 80 80 20 0 0.0
S 10.0 0.2 2.0 0.2 180 170 160 1 0.04
S 10.0 0.2 3.0 0.2 255 255 255 2 1.5
S 10.0 0.2 4.0 0.2 30 90 90 0 0.0
S 10.0 0.2 5.0 0.2 196 190 184 1 0.30
S 10.0 0.2 6.0 0.2 150 50 100 0 0.0
S 10.0 0.2 7.0 0.2 255 255 255 2 1.5
S 10.0 0.2 8.0 0.2 170 170 170 1 0.0
S 10.0 0.2 9.0 0.2 120 40 40 0 0.0
S 10.0 0.2 10.0 0.2 185 175 165 1 0.12