# SHOWROOM MATERIALI : TANTI MATERIALI TUTTI INSIEME
# Complessità: MEDIA-ALTA

#BACKGROUND
BG 20 25 35

# CAMERA
CAM 8.0 3.5 9.0 0.0 1.5 0.0 0.0 1.0 0.0 50.0 1.77

# NUMERO OGGETTI
OBJ_N 30
OBJ_T 16

# SFERE
# LAMBERTIANE
S -5.0 0.6 2.0 0.6 255 100 100 0 0.0
S -4.0 0.6 2.0 0.6 255 150 100 0 0.0
S -3.0 0.6 2.0 0.6 255 200 100 0 0.0
S -2.0 0.6 2.0 0.6 200 255 100 0 0.0
S -1.0 0.6 2.0 0.6 100 255 100 0 0.0

# METALLO (roughness crescente)
S -5.0 0.8 0.0 0.8 255 215 0 1 0.0
S -4.0 0.8 0.0 0.8 255 215 0 1 0.1
S -3.0 0.8 0.0 0.8 255 215 0 1 0.2
S -2.0 0.8 0.0 0.8 255 215 0 1 0.3
S -1.0 0.8 0.0 0.8 255 215 0 1 0.5

# VETRO (indice di rifrazione crescente)
S -5.0 0.7 -2.0 0.7 255 255 255 2 1.3
S -4.0 0.7 -2.0 0.7 255 255 255 2 1.5
S -3.0 0.7 -2.0 0.7 255 255 255 2 1.7
S -2.0 0.7 -2.0 0.7 255 255 255 2 2.0
S -1.0 0.7 -2.0 0.7 255 255 255 2 2.4

# CENTRALI GRANDI (mix materiali) ===
S 1.0 1.5 1.0 1.5 240 240 240 1 0.05
S 3.0 1.8 0.0 1.8 255 255 255 2 1.5
S 5.0 1.2 -1.0 1.2 200 180 255 0 0.0


S 0.0 0.4 3.5 0.4 255 220 180 0 0.0
S 2.0 0.5 3.0 0.5 180 255 220 1 0.2
S 4.0 0.4 2.5 0.4 220 180 255 2 1.5

S 1.0 0.5 -3.0 0.5 255 180 180 0 0.0
S 3.0 0.6 -3.0 0.6 180 255 180 1 0.15
S 5.0 0.5 -3.0 0.5 180 180 255 2 1.5

# LUCI
S -3.0 5.0 3.0 0.6 255 240 220 3 10.0
S 3.0 5.5 2.0 0.7 220 240 255 3 12.0
S 0.0 6.0 -2.0 0.8 255 255 230 3 15.0

# PIANO RIFLETTENTE
S 0.0 -1000.0 0.0 1000.0 190 190 200 1 0.6

# PIRAMIDI 
# LAMBERTIANA (rossa)
T -5.5 0.0 4.0  -4.5 0.0 4.0  -5.0 1.2 4.0  220 60 60 0 0.0
T -4.5 0.0 4.0  -5.0 0.0 4.8  -5.0 1.2 4.0  220 60 60 0 0.0
T -5.0 0.0 4.8  -5.5 0.0 4.0  -5.0 1.2 4.0  220 60 60 0 0.0

# METALLO (oro)
T 0.5 0.0 4.0  1.5 0.0 4.0  1.0 1.2 4.0  255 215 0 1 0.05
T 1.5 0.0 4.0  1.0 0.0 4.8  1.0 1.2 4.0  255 215 0 1 0.05
T 1.0 0.0 4.8  0.5 0.0 4.0  1.0 1.2 4.0  255 215 0 1 0.05

# VETRO
T 5.5 0.0 4.0  6.5 0.0 4.0  6.0 1.2 4.0  240 240 255 2 1.5
T 6.5 0.0 4.0  6.0 0.0 4.8  6.0 1.2 4.0  240 240 255 2 1.5
T 6.0 0.0 4.8  5.5 0.0 4.0  6.0 1.2 4.0  240 240 255 2 1.5

#  PARETI 
# POSTERIORE (diffusa neutra)
T -7.0 0.0 -4.0  7.0 0.0 -4.0  7.0 6.0 -4.0  180 180 190 0 0.0
T -7.0 0.0 -4.0  7.0 6.0 -4.0  -7.0 6.0 -4.0  180 180 190 0 0.0

# LATERALI (metallici)
T -7.0 0.0 -3.0  -7.0 0.0 4.0  -7.0 4.0 4.0  220 220 220 1 0.2
T -7.0 0.0 -3.0  -7.0 4.0 4.0  -7.0 4.0 -3.0  220 220 220 1 0.2

T 7.0 0.0 -3.0  7.0 4.0 -3.0  7.0 4.0 4.0  220 220 220 1 0.2
T 7.0 0.0 -3.0  7.0 4.0 4.0  7.0 0.0 4.0  220 220 220 1 0.2